0.15811,0.29538,0.29756,0.14986,0.073927,0.025167
0.18509,0.28828,0.28603,0.14917,0.072251,0.019169
0.18775,0.26874,0.27342,0.1626,0.078628,0.02887
0.23836,0.33024,0.25055,0.12113,0.055345,0.0043725
0.18805,0.26809,0.27338,0.16718,0.078288,0.02501
0.16455,0.28552,0.29529,0.15661,0.071348,0.02668
0.17063,0.30494,0.30006,0.1453,0.061269,0.017806
0.16752,0.28821,0.28485,0.15255,0.075968,0.030895
0.16759,0.29869,0.29422,0.14881,0.069964,0.020727
0.212,0.27719,0.26272,0.15335,0.071858,0.022884
0.17878,0.28634,0.28942,0.15561,0.070021,0.019846
0.19438,0.3103,0.28182,0.13974,0.058562,0.01519
0.20161,0.3144,0.27952,0.14135,0.050694,0.01243
0.16454,0.26144,0.28536,0.16336,0.088581,0.036719
0.20616,0.28808,0.26874,0.15003,0.070115,0.016883
0.21411,0.33458,0.2674,0.12229,0.054403,0.0072257
0.16674,0.30195,0.29812,0.14724,0.068337,0.017604
0.23473,0.32611,0.25827,0.1243,0.05152,0.0050735
0.18076,0.30476,0.28152,0.14806,0.070255,0.014658
0.19641,0.28053,0.27304,0.15461,0.071742,0.023665
0.19101,0.29686,0.28088,0.14641,0.068766,0.016071
0.17223,0.2779,0.29067,0.16239,0.077063,0.01975
0.20727,0.28153,0.2653,0.15576,0.071569,0.018577
0.19894,0.32278,0.27277,0.13365,0.059514,0.012344
0.17096,0.2927,0.29943,0.14889,0.06893,0.019079
0.20925,0.3211,0.27093,0.13038,0.057745,0.010582
0.21061,0.3235,0.26888,0.12531,0.063756,0.0079336
0.2066,0.32092,0.26976,0.1308,0.062008,0.0099165
0.16927,0.29399,0.29709,0.15137,0.068835,0.019437
0.19162,0.29201,0.27937,0.14688,0.070178,0.019933
0.16275,0.28495,0.29844,0.1551,0.07139,0.027372
0.17837,0.27921,0.28631,0.16022,0.073067,0.022824
0.19739,0.322,0.28446,0.13013,0.053643,0.012375
0.17917,0.29729,0.28127,0.14713,0.076401,0.018741
0.21531,0.33167,0.26561,0.12574,0.053453,0.0082207
0.19017,0.3301,0.27893,0.13452,0.056459,0.0098137
0.18758,0.30779,0.28236,0.14323,0.065102,0.013937
0.18576,0.30173,0.28356,0.14231,0.070054,0.016578
0.17974,0.30595,0.29305,0.14212,0.067013,0.01214
0.18943,0.29502,0.28536,0.14872,0.063699,0.017775
0.18259,0.28512,0.27568,0.15505,0.081719,0.019841
0.16038,0.28739,0.29562,0.15507,0.079624,0.021904
0.18129,0.27516,0.27832,0.16326,0.077484,0.024486
0.20529,0.29943,0.2701,0.14167,0.066632,0.016879
0.21487,0.30967,0.26639,0.13765,0.06186,0.0095524
0.19602,0.31916,0.27812,0.13395,0.057547,0.015205
0.18351,0.3075,0.29511,0.14124,0.062484,0.010158
0.17428,0.29586,0.2962,0.14877,0.069585,0.015309
0.19114,0.33615,0.2844,0.12779,0.050369,0.010156
0.17906,0.31594,0.29021,0.13977,0.060802,0.014211
0.18186,0.31191,0.29202,0.14096,0.058652,0.014592
0.1661,0.30033,0.29817,0.14635,0.068255,0.020786
0.20266,0.2893,0.27552,0.15452,0.066218,0.011787
0.24641,0.34064,0.24482,0.11731,0.046817,0.003992
0.20317,0.33546,0.24578,0.1366,0.064474,0.014527
0.16995,0.28759,0.29802,0.15122,0.070683,0.022547
0.18083,0.31643,0.29117,0.13957,0.057595,0.014404
0.17673,0.32803,0.2948,0.13137,0.057719,0.011348
0.179,0.30609,0.2859,0.14458,0.068891,0.015545
0.24672,0.3422,0.2416,0.12005,0.0456,0.0038304
0.19265,0.28195,0.29275,0.15501,0.062782,0.014853
0.17341,0.29322,0.29468,0.14953,0.067109,0.022044
0.20259,0.3332,0.27255,0.12851,0.054348,0.0088057
0.20159,0.32253,0.27956,0.13282,0.052391,0.01111
0.21009,0.2818,0.26032,0.14863,0.079595,0.019564
0.1989,0.28906,0.27764,0.15732,0.063877,0.013209
0.22338,0.32846,0.26213,0.12658,0.053261,0.0061858
0.19379,0.31208,0.28491,0.13842,0.05859,0.012208
0.17073,0.2827,0.29689,0.16146,0.068241,0.019977
0.19202,0.30928,0.28524,0.13836,0.059574,0.015524
0.17917,0.30906,0.29003,0.14149,0.063072,0.017172
0.20652,0.31651,0.27405,0.13405,0.057823,0.011053
0.17419,0.30645,0.29348,0.14024,0.067583,0.018054
0.18777,0.31241,0.29484,0.13993,0.052757,0.012287
0.20533,0.27869,0.27178,0.1569,0.071945,0.015357
0.17894,0.27505,0.28271,0.15834,0.077243,0.027707
0.16656,0.26603,0.29193,0.1636,0.085929,0.025965
0.21862,0.31005,0.265,0.13591,0.054938,0.015486
0.20841,0.31882,0.28042,0.1345,0.04762,0.010227
0.22973,0.33164,0.25602,0.12346,0.058774,0.00037372
0.16427,0.2857,0.31272,0.15751,0.055423,0.024371
0.17197,0.27095,0.28704,0.16577,0.079617,0.024658
0.16443,0.30164,0.27794,0.14985,0.079663,0.026478
0.2237,0.32417,0.2693,0.12969,0.046441,0.0066917
0.18373,0.30736,0.28519,0.14349,0.065313,0.014925
0.20707,0.32396,0.27533,0.13153,0.049656,0.012457
0.21756,0.29795,0.26699,0.14322,0.060917,0.013359
0.20653,0.31375,0.27886,0.13203,0.05559,0.013235
0.18517,0.30706,0.29053,0.13914,0.065212,0.01289
0.17917,0.31556,0.28846,0.139,0.062176,0.015642
0.16565,0.28658,0.30436,0.15202,0.068464,0.02293
0.2258,0.29061,0.26171,0.14274,0.064078,0.015058
0.21053,0.32525,0.27412,0.12861,0.052279,0.0092164
0.18923,0.31472,0.28311,0.13463,0.064594,0.013718
0.21243,0.31613,0.27155,0.13708,0.054655,0.0081542
0.17346,0.30102,0.29527,0.14899,0.063658,0.017602
0.17415,0.28088,0.28389,0.16022,0.078847,0.022013
0.19076,0.31685,0.2842,0.13605,0.060638,0.011504
0.19678,0.31386,0.27855,0.13751,0.060052,0.013249
0.18165,0.27812,0.28151,0.16063,0.071611,0.02648
0.15932,0.29259,0.29784,0.15422,0.074103,0.021934
0.18256,0.31198,0.29002,0.1366,0.064067,0.014774
0.21029,0.29552,0.27135,0.13875,0.069055,0.015038
0.18928,0.31068,0.2878,0.14048,0.059486,0.012273
0.17666,0.29975,0.29191,0.1471,0.063464,0.02112
0.17756,0.30973,0.28942,0.13816,0.066284,0.018837
0.19139,0.31065,0.28114,0.13803,0.067532,0.011263
0.17804,0.31192,0.29666,0.1438,0.054301,0.015276
0.20256,0.29768,0.28133,0.14491,0.059855,0.013663
0.17093,0.28449,0.29289,0.15331,0.073608,0.02476
0.18033,0.2819,0.28594,0.15889,0.067198,0.02574
0.22211,0.3209,0.25797,0.13028,0.062446,0.006288
0.18844,0.28745,0.27836,0.15502,0.075503,0.015222
0.17723,0.30542,0.2953,0.14239,0.067647,0.012
0.17535,0.30644,0.2958,0.14166,0.066388,0.01436
0.17089,0.27771,0.29302,0.15943,0.073871,0.025085
0.18516,0.29106,0.28554,0.15191,0.065663,0.020675
0.17684,0.30142,0.29632,0.14299,0.063268,0.019151
0.18876,0.29783,0.27733,0.14194,0.073658,0.020487
0.19737,0.31339,0.27329,0.13554,0.06353,0.016871
0.22018,0.31138,0.26327,0.1326,0.059293,0.013272
0.15923,0.28973,0.30471,0.14734,0.078406,0.020581
0.18667,0.33345,0.29052,0.13076,0.051467,0.0071391
0.20217,0.31923,0.27521,0.13168,0.060488,0.01122
0.16591,0.29698,0.30572,0.14949,0.065349,0.016553
0.19422,0.31737,0.28624,0.13626,0.05841,0.0075013
0.2002,0.31685,0.28217,0.13657,0.054831,0.0093821
0.18289,0.25453,0.26557,0.17213,0.089653,0.035221
0.18551,0.26863,0.27994,0.15896,0.077725,0.029229
0.18146,0.26561,0.27936,0.16731,0.081215,0.025047
0.21598,0.32123,0.27279,0.12868,0.05109,0.010235
0.22681,0.32513,0.25923,0.12613,0.057617,0.005068
0.16802,0.29258,0.29593,0.14881,0.071838,0.022826
0.17968,0.30854,0.29305,0.14617,0.056358,0.01621
0.20505,0.31576,0.26688,0.13652,0.058262,0.017517
0.16758,0.2608,0.27934,0.16304,0.092211,0.037025
0.18005,0.28021,0.26041,0.14593,0.091584,0.041813
0.15068,0.29136,0.30696,0.15296,0.07443,0.0236
0.18485,0.29238,0.26847,0.14291,0.080598,0.030793
0.15539,0.3024,0.30962,0.14583,0.068626,0.018136
0.21837,0.33719,0.26951,0.11818,0.049698,0.0070578
0.21887,0.31753,0.26335,0.13554,0.052562,0.012151
0.20423,0.32965,0.27411,0.13031,0.049614,0.012082
0.16504,0.2885,0.29723,0.15625,0.069475,0.023506
0.21284,0.31203,0.26389,0.14095,0.059637,0.010647
0.17627,0.29386,0.28741,0.15062,0.070528,0.021315
0.1914,0.32126,0.28255,0.13655,0.057678,0.010561
0.23271,0.30395,0.25839,0.13603,0.059427,0.0094918
0.187,0.31982,0.28979,0.13296,0.058841,0.011595
0.20174,0.32354,0.26805,0.13454,0.057582,0.014547
0.20485,0.30957,0.27939,0.14032,0.05664,0.0092345
0.17764,0.3152,0.28522,0.14026,0.06751,0.014173
0.18288,0.29422,0.28226,0.14544,0.073802,0.021396
0.19357,0.31977,0.28532,0.13332,0.055974,0.01205
0.17392,0.25341,0.27535,0.16973,0.091335,0.03625
0.18681,0.31684,0.27937,0.13563,0.063337,0.018014
0.1704,0.28848,0.29093,0.15294,0.075287,0.021964
0.16695,0.27197,0.27619,0.15343,0.090706,0.040762
0.21404,0.33937,0.26999,0.12509,0.047612,0.0039025
0.19005,0.31844,0.28428,0.13756,0.056978,0.01269
0.1623,0.29198,0.29974,0.15036,0.073695,0.021914
0.20592,0.31627,0.27119,0.13764,0.057986,0.010995
0.17476,0.29821,0.2948,0.14639,0.067095,0.018754
0.20749,0.3123,0.27015,0.13729,0.059267,0.013504
0.20345,0.30951,0.27584,0.13599,0.061937,0.013271
0.18302,0.29385,0.28013,0.14681,0.076889,0.019297
0.18731,0.32105,0.27989,0.14529,0.056448,0.010014
0.21346,0.32296,0.27023,0.13046,0.055164,0.0077216
0.19117,0.32136,0.28484,0.13259,0.05687,0.013172
0.19378,0.3041,0.28661,0.13957,0.064174,0.011774
0.19983,0.29659,0.26828,0.14105,0.07445,0.019793
0.20022,0.3176,0.27696,0.13411,0.058342,0.012771
0.23124,0.29287,0.26094,0.14074,0.067118,0.0070888
0.19788,0.29717,0.27045,0.1425,0.07131,0.020695
0.16415,0.28561,0.29337,0.15367,0.077218,0.025987
0.17611,0.30356,0.29215,0.14464,0.066278,0.017262
0.17919,0.30729,0.29117,0.14209,0.063331,0.01693
0.19157,0.30306,0.27915,0.14247,0.066265,0.017482
0.18001,0.31878,0.28545,0.13797,0.062568,0.015223
0.2485,0.31331,0.25522,0.12798,0.051343,0.0036443
0.1656,0.30201,0.31046,0.14809,0.057155,0.016678
0.20311,0.32429,0.27743,0.12992,0.060871,0.0043864
0.16795,0.2774,0.30035,0.16349,0.071231,0.019576
0.21917,0.31463,0.26935,0.13338,0.051422,0.012045
0.22126,0.32453,0.26327,0.12854,0.052191,0.01021
0.1929,0.3316,0.28352,0.1296,0.053001,0.0093795
0.21419,0.32458,0.26948,0.12989,0.053158,0.0086949
0.20461,0.30665,0.27169,0.13725,0.065882,0.013911
0.18863,0.30751,0.28586,0.14231,0.061585,0.014108
0.16872,0.31301,0.3007,0.13765,0.063333,0.016587
0.18286,0.32322,0.29081,0.13186,0.058931,0.012322
0.20777,0.30882,0.27395,0.14114,0.05707,0.011251
0.18298,0.30261,0.29643,0.1528,0.057625,0.007557
0.21375,0.32485,0.26729,0.13234,0.051888,0.0098801
0.20539,0.30907,0.27806,0.13787,0.053048,0.01656
0.19211,0.32013,0.28802,0.15101,0.036313,0.012424
0.19378,0.30619,0.28428,0.1466,0.050839,0.018317
0.18254,0.30511,0.29025,0.14731,0.056906,0.017883
0.16867,0.29746,0.29888,0.15847,0.054125,0.022405
0.18374,0.30111,0.281,0.14972,0.066701,0.017725
0.18143,0.29541,0.29268,0.15984,0.054767,0.015874
0.21333,0.33013,0.287,0.13832,0.020983,0.010238
0.18483,0.31754,0.30145,0.14849,0.02931,0.018381
0.18977,0.28272,0.27766,0.15649,0.070274,0.023093
0.20605,0.2911,0.27813,0.15405,0.052098,0.018572
0.2269,0.31481,0.26581,0.144,0.023926,0.02456
0.24809,0.31688,0.244,0.12954,0.052278,0.0091984
0.17224,0.25949,0.29391,0.17636,0.060617,0.037386
0.17943,0.2724,0.28813,0.16424,0.065001,0.030799
0.1811,0.27108,0.28308,0.15889,0.079532,0.026321
0.18781,0.30205,0.28279,0.14611,0.066267,0.014971
0.23846,0.30057,0.25933,0.13834,0.055233,0.0080677
0.1802,0.26425,0.28588,0.16853,0.074029,0.027115
0.1995,0.31664,0.28277,0.13499,0.054284,0.01181
0.19026,0.2919,0.27722,0.14978,0.06878,0.022055
0.17332,0.30218,0.30151,0.14604,0.062324,0.014626
0.18761,0.31101,0.28337,0.14135,0.059149,0.01751
0.19489,0.29632,0.28283,0.1459,0.062378,0.017681
0.18776,0.27212,0.28021,0.16178,0.071557,0.026573
0.17024,0.30571,0.29343,0.14733,0.063577,0.019711
0.209,0.28802,0.26827,0.1506,0.066125,0.017988
0.19001,0.30499,0.28487,0.14698,0.056694,0.016466
0.17544,0.30052,0.29477,0.15147,0.057994,0.019809
0.20309,0.2753,0.26622,0.15789,0.075626,0.021882
0.22508,0.29779,0.24394,0.13258,0.07535,0.025251
0.18529,0.29069,0.29079,0.15098,0.069363,0.012892
0.18259,0.30605,0.28492,0.14921,0.054487,0.022737
0.23191,0.31732,0.26023,0.12898,0.049351,0.012209
0.16932,0.28682,0.30448,0.16992,0.046231,0.023231
0.17756,0.28757,0.28363,0.16056,0.067321,0.023362
0.1593,0.29537,0.30285,0.15251,0.066129,0.023843
0.21435,0.30791,0.26726,0.15342,0.046507,0.010553
0.2102,0.32387,0.27417,0.13139,0.04952,0.010859
0.19463,0.3276,0.28608,0.13565,0.042028,0.014007
0.20121,0.30069,0.27996,0.14403,0.058879,0.015226
0.16222,0.29429,0.29977,0.1554,0.068704,0.019626
0.22339,0.31206,0.2756,0.1335,0.04612,0.0093228
0.18542,0.3206,0.30113,0.13726,0.038615,0.016979
0.18553,0.26668,0.28217,0.16281,0.077071,0.025735
0.18691,0.30711,0.294,0.14297,0.053457,0.015552
0.17787,0.30447,0.29636,0.14288,0.06184,0.016579
0.16891,0.28844,0.2834,0.15454,0.068755,0.035954
0.18448,0.30373,0.28295,0.148,0.060589,0.020258
0.2113,0.32615,0.26856,0.1326,0.050124,0.011261
0.1817,0.30256,0.297,0.14408,0.059157,0.015499
0.17488,0.26361,0.28215,0.16821,0.085844,0.025313
0.22441,0.33449,0.26237,0.12371,0.048418,0.006593
0.19574,0.31005,0.27745,0.14002,0.05788,0.018865
0.25743,0.32077,0.24767,0.12739,0.037603,0.0091415
0.20233,0.31558,0.28801,0.13877,0.043131,0.012169
0.20705,0.31693,0.27179,0.13677,0.05497,0.012481
0.18754,0.29859,0.28018,0.14652,0.069745,0.017426
0.17681,0.30182,0.29722,0.15134,0.054034,0.018778
0.25488,0.32159,0.25288,0.12856,0.037149,0.0049267
0.22139,0.30552,0.25885,0.14004,0.059391,0.014805
0.18731,0.29673,0.29234,0.15063,0.056663,0.016335
0.19439,0.3023,0.28195,0.14328,0.063813,0.014262
0.20715,0.27567,0.25208,0.16737,0.053256,0.044466
0.22198,0.30887,0.26698,0.13562,0.054851,0.011702
0.22197,0.32565,0.2661,0.126,0.049256,0.011028
0.20053,0.26697,0.26919,0.16758,0.063274,0.032458
0.21925,0.2955,0.26386,0.14444,0.059431,0.017512
0.17616,0.29251,0.29618,0.14922,0.067236,0.018695
0.20095,0.29124,0.27661,0.15929,0.054273,0.017633
0.18096,0.29791,0.29156,0.14953,0.062971,0.017069
0.23293,0.29375,0.26442,0.13525,0.059398,0.014255
0.19703,0.31633,0.28261,0.14106,0.048387,0.014584
0.18877,0.31578,0.28671,0.14163,0.051542,0.015572
0.2254,0.30118,0.2639,0.13887,0.057576,0.013067
0.21923,0.28162,0.25926,0.15239,0.062173,0.025321
0.20483,0.32157,0.28709,0.1302,0.046409,0.0099054
0.17743,0.29123,0.28635,0.15939,0.06481,0.020777
0.17573,0.30549,0.28829,0.14708,0.067627,0.015786
0.18252,0.32721,0.2904,0.13811,0.046123,0.015636
0.21853,0.34248,0.26289,0.13176,0.034561,0.0097686
0.22629,0.30607,0.25718,0.13765,0.05991,0.012903
0.1687,0.29726,0.29289,0.15011,0.061576,0.029453
0.21829,0.33232,0.26587,0.12799,0.048231,0.007307
0.19149,0.28537,0.27667,0.15608,0.069546,0.020852
0.20397,0.32592,0.27614,0.12979,0.050952,0.013238
0.18548,0.31865,0.28526,0.14433,0.053547,0.012737
0.2191,0.3048,0.26735,0.14093,0.057884,0.0099331
0.22588,0.32348,0.26004,0.13283,0.05173,0.006047
0.1827,0.26804,0.28217,0.16857,0.069451,0.029069
0.19011,0.29721,0.282,0.15018,0.058736,0.021769
0.17787,0.30342,0.28861,0.14506,0.064198,0.020841
0.15687,0.30039,0.29964,0.15201,0.070978,0.020106
0.17572,0.26258,0.25941,0.14083,0.1183,0.043164
0.17023,0.29598,0.28459,0.15488,0.068837,0.025483
0.21273,0.33229,0.27219,0.13818,0.035467,0.0091381
0.16749,0.27123,0.25675,0.17054,0.0979,0.036092
0.26977,0.31452,0.2487,0.12106,0.045259,0.00068686
0.19133,0.30274,0.27697,0.14193,0.068244,0.01878
0.16569,0.28741,0.29476,0.15762,0.065922,0.028602
0.1611,0.30674,0.29951,0.14596,0.065897,0.020787
0.16566,0.31756,0.28965,0.15163,0.057689,0.017822
0.16773,0.30012,0.29758,0.14988,0.061057,0.023625
0.1935,0.31485,0.27885,0.14611,0.053935,0.01275
0.17973,0.30638,0.29324,0.16018,0.040765,0.019712
0.22912,0.31684,0.25756,0.13183,0.055601,0.0090543
0.20004,0.33611,0.26972,0.13525,0.047422,0.011454
0.19035,0.292,0.28453,0.14726,0.066203,0.019667
0.17025,0.31908,0.28631,0.14475,0.057697,0.021913
0.18027,0.32106,0.28953,0.14384,0.045622,0.019675
0.15068,0.29973,0.30368,0.15495,0.067307,0.023652
0.16663,0.31777,0.29844,0.15687,0.039409,0.020892
0.16558,0.28497,0.29571,0.16366,0.070186,0.019892
0.16757,0.28323,0.29286,0.16612,0.063535,0.026681
0.21925,0.32084,0.26398,0.12802,0.056111,0.011804
0.22345,0.32756,0.26091,0.13123,0.051802,0.0050461
0.17896,0.27152,0.27369,0.16396,0.080052,0.031816
0.17325,0.28396,0.28818,0.15923,0.071732,0.023638
0.16806,0.30047,0.28802,0.14845,0.067145,0.027863
0.17095,0.31441,0.27917,0.14863,0.06696,0.01988
0.2041,0.33841,0.27151,0.11979,0.053732,0.012452
0.1683,0.27925,0.28139,0.1652,0.077667,0.028201
0.20686,0.31846,0.27523,0.13533,0.053999,0.010122
0.18383,0.32421,0.2851,0.13816,0.056542,0.012145
0.16987,0.31836,0.28533,0.14847,0.06212,0.015852
0.17881,0.30444,0.26961,0.15618,0.070532,0.020428
0.1581,0.32081,0.29639,0.14283,0.063788,0.018071
0.18789,0.30771,0.27208,0.14932,0.064017,0.018996
0.19424,0.3021,0.27686,0.14774,0.06405,0.015006
0.14228,0.28352,0.27045,0.17189,0.094011,0.037853
0.14993,0.31194,0.29722,0.15141,0.069247,0.02026
0.16788,0.33183,0.28417,0.14313,0.060305,0.012692
0.17154,0.31042,0.2792,0.1478,0.066983,0.024063
0.16903,0.27606,0.28411,0.1667,0.076656,0.027455
0.19519,0.30375,0.27356,0.15241,0.064112,0.010973
0.15876,0.32175,0.29272,0.14643,0.063626,0.016719
0.1851,0.32148,0.27467,0.14506,0.06227,0.011425
0.15303,0.31533,0.29193,0.15187,0.070602,0.017237
0.18874,0.31943,0.2842,0.15091,0.056063,0.00065848
0.17064,0.27863,0.28438,0.16671,0.075,0.024636
0.20258,0.30581,0.26709,0.14834,0.063386,0.012795
0.19272,0.29843,0.27353,0.15348,0.067283,0.014558
0.17238,0.33123,0.28324,0.13542,0.062818,0.014914
0.18051,0.32775,0.27826,0.13907,0.059898,0.014518
0.21638,0.32195,0.26036,0.13492,0.060282,0.006108
0.18219,0.3015,0.27753,0.14949,0.066919,0.022354
0.17291,0.29448,0.28666,0.15272,0.072601,0.020635
0.17606,0.32122,0.28673,0.14394,0.059043,0.013015
0.19161,0.30555,0.27027,0.1445,0.068338,0.019732
0.18637,0.33061,0.28635,0.13276,0.051909,0.012004
0.17088,0.31747,0.29529,0.14549,0.053626,0.01724
0.18188,0.31752,0.27003,0.14717,0.065067,0.018332
0.15069,0.32355,0.29686,0.14645,0.062713,0.01974
0.17519,0.30963,0.28649,0.14851,0.064543,0.015645
0.18931,0.30094,0.27555,0.15199,0.065204,0.016999
0.1828,0.29287,0.27808,0.15766,0.070545,0.018042
0.21147,0.34422,0.26154,0.1257,0.051029,0.0060334
0.20519,0.31629,0.26425,0.14299,0.06002,0.011269
0.18064,0.33208,0.27903,0.14224,0.054463,0.011554
0.16733,0.29864,0.27778,0.16204,0.072553,0.021661
0.16556,0.29502,0.28722,0.16004,0.072298,0.019863
0.17908,0.30073,0.28579,0.15381,0.064236,0.016352
0.20842,0.33767,0.26393,0.12941,0.053102,0.0074658
0.16348,0.32167,0.29596,0.14955,0.057135,0.012215
0.15734,0.30528,0.29077,0.15369,0.07084,0.022078
0.21165,0.32714,0.26247,0.13772,0.053039,0.0079758
0.21771,0.32814,0.25309,0.13601,0.054744,0.010308
0.15854,0.30303,0.29048,0.15312,0.069172,0.025657
0.14241,0.28894,0.27504,0.1647,0.091272,0.037644
0.18498,0.29973,0.27564,0.15498,0.066541,0.018135
0.1834,0.31465,0.27805,0.14723,0.062085,0.014593
0.17958,0.30584,0.27799,0.1503,0.066994,0.019291
0.18826,0.30955,0.27237,0.14733,0.065548,0.016943
0.15866,0.30355,0.29467,0.15567,0.071191,0.016267
0.16166,0.30706,0.28992,0.15025,0.070784,0.020323
0.16888,0.3176,0.29057,0.14679,0.064736,0.011433
0.18588,0.31254,0.2824,0.13856,0.065659,0.014961
0.1696,0.28292,0.29147,0.16461,0.074786,0.016617
0.16606,0.31427,0.29212,0.14649,0.063085,0.017983
0.21973,0.351,0.25738,0.11943,0.045477,0.0069805
0.18316,0.31938,0.27933,0.13984,0.064477,0.013808
0.18067,0.32777,0.28063,0.13701,0.058152,0.015772
0.2102,0.34819,0.25797,0.12508,0.047875,0.010683
0.15415,0.31687,0.30201,0.14759,0.061182,0.01819
0.14654,0.30076,0.30113,0.1547,0.071122,0.025756
0.1638,0.30197,0.29053,0.15404,0.065696,0.023965
0.15386,0.31146,0.30207,0.15151,0.065806,0.015291
0.21265,0.34014,0.26529,0.12812,0.050818,0.002983
0.18685,0.33657,0.27511,0.13226,0.056357,0.012857
0.17032,0.31021,0.28711,0.14345,0.067611,0.021302
0.17924,0.33039,0.29042,0.1346,0.055923,0.0094208
0.2029,0.34674,0.26698,0.13012,0.048163,0.0050905
0.21919,0.35466,0.25976,0.12253,0.041236,0.0026299
0.16854,0.30836,0.29205,0.14836,0.06567,0.017022
0.18996,0.30913,0.27559,0.14666,0.066092,0.012568
0.1962,0.3367,0.27547,0.13024,0.055654,0.0057409
0.17278,0.32094,0.28554,0.14116,0.064321,0.015246
0.1893,0.32471,0.2714,0.13846,0.061225,0.014909
0.2251,0.3556,0.24678,0.12584,0.042061,0.0046255
0.17359,0.2959,0.28401,0.15136,0.068994,0.026157
0.17915,0.29121,0.27985,0.15467,0.072382,0.022735
0.16115,0.28873,0.3026,0.1515,0.07113,0.024894
0.21118,0.30756,0.26679,0.1411,0.059728,0.013645
0.19218,0.31519,0.28052,0.13913,0.06275,0.010222
0.19466,0.32084,0.27992,0.1375,0.055521,0.011554
0.17054,0.3161,0.29605,0.13789,0.060774,0.018647
0.16176,0.31336,0.30087,0.14464,0.061879,0.017503
0.16974,0.29063,0.30297,0.15016,0.067275,0.019222
0.19343,0.30475,0.28774,0.14516,0.053825,0.015099
0.15373,0.31314,0.29974,0.14738,0.065562,0.020453
0.19785,0.30749,0.2662,0.14404,0.063393,0.021034
0.16365,0.32248,0.29469,0.14114,0.062335,0.015711
0.15754,0.30252,0.30952,0.1506,0.064067,0.015753
0.20152,0.33958,0.26796,0.13031,0.053768,0.0068654
0.19967,0.30986,0.27178,0.13374,0.067226,0.017721
0.1967,0.34038,0.27216,0.12778,0.052701,0.010273
0.19254,0.32529,0.27364,0.13417,0.058468,0.015882
0.18824,0.3185,0.27375,0.13816,0.063898,0.017454
0.17654,0.3131,0.28669,0.14698,0.063806,0.012881
0.18235,0.31701,0.28664,0.13925,0.059091,0.01566
0.17893,0.32245,0.29342,0.13603,0.057004,0.012164
0.19656,0.32026,0.27515,0.13869,0.056357,0.012973
0.21113,0.31273,0.26456,0.13235,0.064695,0.014535
0.17417,0.29077,0.28804,0.15598,0.069979,0.021057
0.19291,0.31367,0.2784,0.14018,0.060604,0.014232
0.19192,0.31483,0.2784,0.13844,0.061167,0.015248
0.17453,0.30121,0.29877,0.14817,0.06137,0.015936
0.18024,0.288,0.25958,0.14797,0.079349,0.044855
0.18626,0.32579,0.28557,0.1393,0.051539,0.011541
0.17972,0.27749,0.25849,0.15773,0.08901,0.037563
0.18587,0.29655,0.28047,0.15645,0.063799,0.016864
0.17589,0.28424,0.29609,0.1555,0.069936,0.018336
0.17039,0.29174,0.2803,0.15776,0.07515,0.024665
0.21024,0.34405,0.26013,0.12642,0.05411,0.0050511
0.203,0.33816,0.28048,0.1252,0.048415,0.0047554
0.17029,0.27855,0.24249,0.16756,0.097222,0.043892
0.17057,0.30299,0.29192,0.14864,0.067092,0.018779
0.16091,0.28058,0.28169,0.159,0.080741,0.037081
0.1635,0.27677,0.29334,0.16381,0.076421,0.02616
0.18268,0.31423,0.29149,0.14108,0.057426,0.013084
0.19141,0.33112,0.28341,0.12919,0.054617,0.010249
0.18138,0.29742,0.29293,0.1501,0.062537,0.015634
0.17127,0.3041,0.28694,0.15058,0.068375,0.018738
0.18873,0.31487,0.27963,0.14586,0.061154,0.0097584
0.19613,0.33694,0.27199,0.1395,0.051263,0.0041794
0.16139,0.32547,0.29482,0.14754,0.059604,0.011169
0.22232,0.31323,0.25165,0.14221,0.059071,0.011529
0.18819,0.28738,0.27254,0.15709,0.069666,0.025131
0.18058,0.26982,0.27273,0.16585,0.079667,0.031357
0.18695,0.31971,0.28649,0.13818,0.057359,0.011313
0.1797,0.30249,0.28706,0.149,0.068111,0.013643
0.21727,0.30968,0.26858,0.1338,0.055391,0.015278
0.24477,0.34758,0.2533,0.1142,0.038368,0.0017644
0.19961,0.32309,0.27299,0.13284,0.057974,0.013501
0.16546,0.28905,0.30439,0.15528,0.066758,0.019079
0.17219,0.28517,0.31463,0.15404,0.063138,0.010837
0.20308,0.31388,0.27145,0.13853,0.058395,0.014661
0.23903,0.31273,0.26522,0.12527,0.048424,0.0093285
0.22052,0.34109,0.25784,0.12468,0.049422,0.0064487
0.23534,0.3192,0.25172,0.12381,0.055269,0.014672
0.21295,0.33553,0.27174,0.12409,0.048797,0.0069052
0.22418,0.32311,0.25812,0.13511,0.04742,0.012055
0.20819,0.32414,0.2739,0.13094,0.053485,0.0093549
0.16724,0.28107,0.29354,0.16267,0.068991,0.026492
0.2437,0.33884,0.26212,0.11208,0.042581,0.00068502
0.18226,0.28726,0.29126,0.15616,0.065866,0.017201
0.16588,0.29101,0.29743,0.16136,0.066423,0.017895
0.20484,0.32345,0.26864,0.13785,0.055463,0.0097538
0.15225,0.29452,0.29378,0.1607,0.074412,0.024326
0.20584,0.32419,0.26144,0.13549,0.059453,0.013588
0.22228,0.331,0.26221,0.13078,0.050371,0.0033627
0.17373,0.30167,0.28973,0.15388,0.061131,0.019855
0.2002,0.29306,0.27891,0.15018,0.06332,0.014328
0.22757,0.31378,0.25867,0.13497,0.055846,0.0091676
0.19586,0.32794,0.27453,0.13522,0.054622,0.011823
0.18618,0.31268,0.27807,0.14183,0.064004,0.017237
0.17348,0.29354,0.28558,0.16277,0.066487,0.018139
0.17713,0.29166,0.27945,0.15171,0.074142,0.025915
0.20447,0.31073,0.27328,0.13736,0.059713,0.014455
0.21909,0.32894,0.26432,0.13117,0.048289,0.0081941
0.16958,0.29694,0.29277,0.1501,0.06766,0.022953
0.19702,0.2933,0.27556,0.15166,0.063499,0.018963
0.17927,0.28589,0.278,0.15164,0.075846,0.029352
0.1639,0.2856,0.29619,0.1519,0.073659,0.02876
0.19695,0.30362,0.27637,0.1434,0.059242,0.020417
0.20496,0.31193,0.28619,0.13623,0.052284,0.008397
0.17764,0.30894,0.29448,0.14246,0.058678,0.017807
0.16033,0.30933,0.2974,0.1526,0.061825,0.018518
0.16999,0.29071,0.30402,0.15364,0.063403,0.018237
0.16137,0.26838,0.30139,0.1637,0.07793,0.02723
0.18541,0.27589,0.2793,0.16449,0.073993,0.020916
0.15923,0.29982,0.30212,0.15071,0.067682,0.020439
0.24041,0.32696,0.25937,0.12588,0.043478,0.0039005
0.18689,0.31503,0.28929,0.13558,0.056528,0.016684
0.18108,0.29912,0.28392,0.14751,0.068986,0.019388
0.15787,0.30036,0.3055,0.15067,0.065783,0.019823
0.19277,0.32625,0.27769,0.13481,0.053708,0.014777
0.16197,0.30045,0.31082,0.15329,0.060569,0.012895
0.19833,0.29872,0.27947,0.14405,0.062716,0.01671
0.16873,0.27436,0.29163,0.16172,0.076982,0.026575
0.2157,0.32652,0.27506,0.12255,0.054482,0.0056756
0.17599,0.29993,0.28256,0.14917,0.071776,0.020576
0.18165,0.29036,0.28387,0.14949,0.070104,0.024533
0.17656,0.30436,0.28652,0.14823,0.065448,0.018882
0.20361,0.32884,0.28052,0.12971,0.051821,0.0055065
0.18168,0.30681,0.2804,0.14675,0.065307,0.019054
0.24744,0.32987,0.25109,0.11993,0.046452,0.0052101
0.20602,0.30956,0.27244,0.137,0.060373,0.014611
0.16164,0.28785,0.30735,0.15266,0.068573,0.021925
0.17233,0.27677,0.283,0.16074,0.077589,0.029557
0.22121,0.32529,0.25855,0.12705,0.055317,0.012574
0.16737,0.27235,0.29301,0.16689,0.077841,0.022543
0.18393,0.2993,0.2808,0.14672,0.068691,0.020563
0.16848,0.30248,0.30077,0.13937,0.068044,0.020865
0.17007,0.312,0.29357,0.14417,0.063291,0.016907
0.18387,0.30104,0.28704,0.14522,0.064582,0.018245
0.20793,0.31023,0.28447,0.13624,0.049684,0.011446
0.19836,0.30968,0.27031,0.14141,0.064221,0.016018
0.18987,0.29401,0.28084,0.14676,0.069336,0.019185
0.19053,0.31538,0.28186,0.13434,0.06141,0.016477
0.17046,0.29443,0.28497,0.15067,0.073636,0.025838
0.20148,0.30118,0.2772,0.14249,0.060211,0.017434
0.1905,0.31357,0.26935,0.13776,0.067049,0.021765
0.17277,0.30788,0.29238,0.14387,0.064386,0.018725
0.16891,0.29405,0.3034,0.14842,0.066196,0.019029
0.16558,0.2969,0.29491,0.15364,0.069784,0.019184
0.15523,0.29741,0.30339,0.15144,0.067826,0.024702
0.23215,0.331,0.25593,0.12597,0.049061,0.0058801
0.20962,0.33479,0.27105,0.12298,0.051906,0.0096526
0.18592,0.29567,0.27319,0.14688,0.070956,0.027367
0.1809,0.29217,0.29013,0.14269,0.074855,0.019256
0.20948,0.33699,0.27181,0.12767,0.043906,0.010148
0.20089,0.33134,0.2785,0.13161,0.050225,0.0074325
0.21219,0.33449,0.2475,0.13715,0.056795,0.011881
0.23033,0.34086,0.25548,0.12262,0.046584,0.0041282
0.23019,0.32446,0.26333,0.12621,0.051402,0.0044055
0.21493,0.27729,0.26134,0.15179,0.071744,0.022901
0.1627,0.2894,0.29959,0.153,0.07065,0.024658
0.2226,0.29864,0.25358,0.13966,0.06534,0.020173
0.18227,0.29891,0.27921,0.15927,0.0671,0.01324
0.18516,0.30935,0.28775,0.14352,0.058596,0.015635
0.25556,0.32754,0.24699,0.123,0.041453,0.005447
0.19255,0.31145,0.28056,0.14191,0.057622,0.015906
0.20568,0.32316,0.27067,0.1341,0.051798,0.014595
0.17125,0.27991,0.29019,0.15883,0.073592,0.026221
0.1709,0.26745,0.2939,0.16621,0.076125,0.025416
0.16622,0.29177,0.30003,0.15557,0.065538,0.020869
0.21806,0.28877,0.26253,0.14946,0.062419,0.018763
0.16872,0.27935,0.29217,0.15849,0.075073,0.026199
0.23657,0.32646,0.25602,0.12308,0.048132,0.009734
0.20375,0.31405,0.27425,0.13601,0.057831,0.014109
0.1869,0.29926,0.28549,0.14575,0.064133,0.018477
0.19739,0.31564,0.27426,0.14001,0.058986,0.013708
0.20551,0.32449,0.27186,0.12999,0.056045,0.012118
0.19653,0.32033,0.27901,0.1335,0.057727,0.012896
0.17258,0.28535,0.28898,0.15509,0.074506,0.023492
0.16796,0.29088,0.29934,0.15137,0.06946,0.020996
0.19053,0.29542,0.27187,0.14708,0.070103,0.025001
0.20829,0.29554,0.26843,0.1432,0.066409,0.018129
0.16718,0.27711,0.28887,0.16658,0.076008,0.024252
0.16597,0.31003,0.29328,0.14746,0.065279,0.017967
0.1931,0.30318,0.27126,0.14636,0.068247,0.017852
0.23273,0.32807,0.25621,0.12796,0.051126,0.003911
0.20679,0.32562,0.26947,0.12983,0.055162,0.01313
0.22233,0.32663,0.26509,0.12549,0.046997,0.013459
0.1617,0.31054,0.29819,0.14597,0.06504,0.018562
0.20221,0.326,0.27105,0.13509,0.054777,0.010879
0.15151,0.29663,0.30832,0.15343,0.072453,0.017663
0.1871,0.32569,0.28843,0.13413,0.054741,0.0099035
0.18721,0.30312,0.28561,0.1486,0.062439,0.013018
0.1601,0.28873,0.29909,0.15882,0.073315,0.019957
0.18509,0.30228,0.2849,0.15202,0.062601,0.013115
0.16926,0.28259,0.29846,0.1555,0.070722,0.023465
0.19988,0.29327,0.27187,0.14851,0.068676,0.01779
0.20303,0.30737,0.26955,0.1389,0.061281,0.019878
0.18152,0.28477,0.279,0.16061,0.071623,0.022482
0.16131,0.29017,0.30426,0.15103,0.068938,0.024293
0.21033,0.32819,0.26739,0.13249,0.053126,0.0084802
0.20539,0.27936,0.26999,0.15689,0.06656,0.021807
0.16337,0.29854,0.30253,0.15112,0.065478,0.018967
0.17536,0.28299,0.2912,0.16041,0.065778,0.024266
0.21901,0.32211,0.26126,0.13312,0.055791,0.0087031
0.17338,0.30203,0.29044,0.15099,0.062147,0.021017
0.19826,0.3151,0.28443,0.13515,0.055305,0.011748
0.17731,0.30219,0.29177,0.1462,0.065403,0.017128
0.2317,0.32107,0.25935,0.13277,0.051336,0.0037689
0.18229,0.30665,0.27648,0.15162,0.062124,0.020832
0.18047,0.27175,0.27898,0.16428,0.077766,0.026751
0.21687,0.32292,0.26728,0.13267,0.051962,0.0082972
0.16458,0.30171,0.29793,0.1504,0.06631,0.01908
0.18147,0.29564,0.27979,0.15306,0.069391,0.02065
0.1786,0.30092,0.28209,0.14334,0.07163,0.023407
0.1734,0.29327,0.28704,0.15183,0.071602,0.022865
0.19694,0.28199,0.26608,0.15883,0.073125,0.023041
0.18691,0.28636,0.28035,0.15396,0.071142,0.021277
0.20759,0.31981,0.27686,0.12935,0.056378,0.010015
0.17852,0.29511,0.28973,0.15392,0.066138,0.016581
0.18161,0.32239,0.28871,0.13832,0.056917,0.012066
0.18793,0.3269,0.28607,0.13206,0.053768,0.013261
0.19545,0.31981,0.28849,0.13284,0.052287,0.011125
0.24929,0.33321,0.2502,0.11694,0.047089,0.0032623
0.2215,0.3216,0.27108,0.1282,0.046797,0.010826
0.1836,0.26712,0.28212,0.16319,0.075506,0.02846
0.2156,0.33263,0.26125,0.12697,0.052441,0.011112
0.21075,0.28734,0.26746,0.14607,0.069422,0.018953
0.18212,0.31543,0.29059,0.13949,0.059273,0.013099
0.17487,0.28473,0.28659,0.15596,0.076865,0.020993
0.20805,0.33217,0.2711,0.12764,0.052331,0.00871
0.1699,0.31579,0.29729,0.13752,0.06218,0.017322
0.16771,0.29821,0.29408,0.15282,0.067243,0.019936
0.18676,0.27762,0.26914,0.15896,0.078214,0.029296
0.19802,0.32281,0.27168,0.13701,0.056243,0.01424
0.17641,0.30437,0.28209,0.15291,0.066775,0.017444
0.20396,0.3153,0.28018,0.13636,0.056182,0.00801
0.23073,0.35143,0.20989,0.14048,0.057267,0.010211
0.15679,0.29039,0.30207,0.15699,0.070939,0.022819
0.19142,0.31604,0.2883,0.13593,0.054662,0.013644
0.21273,0.34659,0.27015,0.11792,0.045238,0.007369
0.13745,0.29828,0.30782,0.16455,0.071384,0.020519
0.1917,0.29012,0.27964,0.15477,0.065525,0.018245
0.18071,0.29281,0.28797,0.15324,0.06641,0.018859
0.21885,0.32371,0.26467,0.13484,0.049636,0.0082829
0.20937,0.33934,0.2661,0.12868,0.047471,0.0090421
0.18583,0.30244,0.28832,0.1415,0.065124,0.01678
0.1549,0.29764,0.31048,0.14808,0.068288,0.02062
0.176,0.2926,0.29683,0.14988,0.064257,0.020438
0.17817,0.28169,0.2881,0.15786,0.073792,0.020388
0.1529,0.29321,0.30799,0.15584,0.072086,0.017971
0.19028,0.30431,0.27831,0.14513,0.063801,0.018161
0.16952,0.30607,0.29379,0.14887,0.064469,0.017269
0.17415,0.2722,0.28004,0.16728,0.078679,0.027653
0.18449,0.2818,0.27483,0.16115,0.074141,0.023581
0.17959,0.28903,0.28499,0.15313,0.072478,0.020776
0.16986,0.30724,0.30285,0.14351,0.062357,0.014182
0.18778,0.29207,0.28645,0.14614,0.060424,0.02713
0.17992,0.29642,0.28688,0.1535,0.06435,0.01892
0.17319,0.31206,0.29471,0.14126,0.059758,0.019013
0.20949,0.32424,0.26951,0.13571,0.051795,0.0092516
0.2443,0.32625,0.25072,0.12833,0.048925,0.0014723
0.20926,0.29075,0.26903,0.15035,0.065786,0.014811
0.1921,0.31772,0.27551,0.13624,0.06121,0.017224
0.17983,0.29658,0.28724,0.14696,0.068745,0.020646
0.17373,0.28601,0.29416,0.15592,0.07033,0.01985
0.18318,0.28618,0.28028,0.15337,0.070903,0.026081
0.21456,0.29535,0.27048,0.14354,0.060875,0.015189
0.21601,0.31131,0.27039,0.13161,0.057594,0.013092
0.1787,0.2867,0.28365,0.15216,0.074676,0.024128
0.15825,0.29914,0.30483,0.15487,0.065647,0.017262
0.20078,0.31333,0.27695,0.14003,0.058543,0.010367
0.18823,0.32131,0.29102,0.13544,0.055058,0.0089422
0.20816,0.29593,0.26081,0.14685,0.069833,0.018412
0.2457,0.30805,0.24476,0.13523,0.055578,0.010676
0.17489,0.29167,0.29066,0.15268,0.067895,0.022204
0.20428,0.29924,0.27293,0.14524,0.063193,0.015123
0.19182,0.27714,0.27355,0.15678,0.074641,0.026072
0.18174,0.30283,0.28469,0.14663,0.063973,0.020134
0.19996,0.29941,0.27669,0.14524,0.062861,0.015833
0.20598,0.28863,0.26614,0.1532,0.067633,0.018414
0.2115,0.31718,0.26734,0.13604,0.057982,0.0099514
0.18476,0.28696,0.29089,0.1496,0.069353,0.018428
0.1942,0.3065,0.28351,0.14036,0.059107,0.016318
0.15993,0.29321,0.30027,0.15808,0.069614,0.018896
0.17752,0.28394,0.28243,0.16165,0.070619,0.023855
0.22335,0.34904,0.24907,0.12634,0.049402,0.0027955
0.17867,0.31561,0.28796,0.13719,0.063461,0.01711
0.16916,0.28266,0.28797,0.15834,0.075807,0.026069
0.17668,0.26722,0.27943,0.1684,0.079769,0.028506
0.2027,0.31129,0.2765,0.1408,0.056775,0.011937
0.20988,0.33987,0.26913,0.12551,0.04907,0.0065415
0.19332,0.30427,0.27641,0.14668,0.062532,0.016791
0.21256,0.32828,0.26859,0.13111,0.047564,0.011894
0.18323,0.31138,0.28255,0.14247,0.063267,0.017092
0.1864,0.29776,0.28483,0.14682,0.067164,0.017034
0.19811,0.30206,0.27298,0.14303,0.063665,0.020165
0.19678,0.32906,0.2856,0.11665,0.060262,0.011644
0.19526,0.31879,0.27611,0.13656,0.058986,0.014291
0.17324,0.30773,0.2915,0.1458,0.064433,0.017297
0.19496,0.29728,0.28752,0.144,0.062259,0.013973
0.17362,0.27599,0.28772,0.16042,0.07569,0.026559
0.20281,0.31809,0.27228,0.13814,0.056785,0.011901
0.20723,0.32305,0.27487,0.1304,0.055144,0.0093047
0.22056,0.31343,0.26466,0.13446,0.056295,0.010598
0.23867,0.32787,0.2595,0.12086,0.04715,0.0059487
0.19983,0.30633,0.26625,0.14652,0.063926,0.017149
0.17401,0.306,0.29854,0.14641,0.059001,0.016036
0.20761,0.33413,0.26914,0.12567,0.052922,0.01054
0.19733,0.3243,0.28193,0.13561,0.055585,0.0052367
0.17442,0.30338,0.28895,0.14713,0.06525,0.020872
0.19435,0.30923,0.28156,0.13907,0.059995,0.015796
0.2274,0.31836,0.2664,0.13321,0.049978,0.004646
0.16974,0.28547,0.30104,0.15636,0.066894,0.020504
0.18436,0.30661,0.2829,0.14223,0.064862,0.019036
0.15955,0.28585,0.29664,0.15869,0.075836,0.023428
0.22904,0.32603,0.24957,0.13156,0.054113,0.0096798
0.17127,0.32289,0.30281,0.13568,0.05549,0.011867
0.18856,0.29201,0.2826,0.15355,0.070642,0.012634
0.23999,0.3347,0.25931,0.11538,0.043981,0.0066518
0.19837,0.3099,0.27374,0.14273,0.062296,0.012963
0.19045,0.3129,0.2849,0.14159,0.056442,0.013714
0.20738,0.30904,0.26847,0.13892,0.060217,0.015977
0.19427,0.27968,0.27452,0.15947,0.070957,0.021092
0.17385,0.29596,0.2969,0.15022,0.06218,0.020895
0.17139,0.28913,0.28546,0.15733,0.071435,0.025259
0.17334,0.31363,0.29395,0.14414,0.060593,0.014354
0.16776,0.28384,0.30101,0.16149,0.067772,0.01813
0.19927,0.31985,0.27861,0.13358,0.056736,0.011949
0.19249,0.31303,0.28422,0.13995,0.057654,0.012655
0.20953,0.3155,0.27112,0.13099,0.061441,0.011429
0.19974,0.30373,0.27277,0.14414,0.063344,0.016272
0.21461,0.31876,0.2666,0.12855,0.058878,0.012606
0.17886,0.30696,0.28212,0.14932,0.064911,0.017827
0.19034,0.33891,0.28058,0.12893,0.051955,0.0092869
0.20704,0.3236,0.26908,0.13329,0.052882,0.014122
0.21247,0.31589,0.26771,0.14002,0.055046,0.008862
0.17819,0.27288,0.28406,0.16314,0.077125,0.024608
0.21127,0.33225,0.26372,0.13005,0.050262,0.012442
0.22834,0.3272,0.25929,0.12756,0.048349,0.0092666
0.20692,0.31758,0.27054,0.13597,0.056201,0.012791
0.21879,0.31265,0.26404,0.13648,0.057611,0.010416
0.16639,0.29413,0.298,0.15264,0.068241,0.020604
0.16341,0.29156,0.29684,0.15644,0.071094,0.020658
0.18078,0.30969,0.29225,0.14364,0.06003,0.013598
0.19859,0.28884,0.26807,0.15269,0.071867,0.019939
0.17206,0.29588,0.27973,0.15982,0.069665,0.022846
0.16911,0.31216,0.29482,0.14332,0.063045,0.017544
0.21557,0.33981,0.264,0.1254,0.049242,0.0059734
0.21028,0.31338,0.26837,0.13686,0.058802,0.012317
0.19339,0.32079,0.28719,0.13262,0.055003,0.011004
0.17317,0.30092,0.29528,0.14812,0.067916,0.01459
0.19138,0.32305,0.28548,0.13558,0.055811,0.0086984
0.18569,0.29623,0.2911,0.14919,0.060862,0.016937
0.20403,0.33036,0.28203,0.12797,0.049918,0.0056923
0.17095,0.30197,0.2984,0.14738,0.064115,0.017183
0.19215,0.3104,0.28558,0.13843,0.058975,0.014468
0.18247,0.29502,0.28753,0.15048,0.066829,0.017665
0.16449,0.29106,0.29364,0.15437,0.071877,0.024559
0.19009,0.28665,0.25508,0.14265,0.084788,0.040729
0.16737,0.31503,0.28846,0.14272,0.066964,0.01946
0.18983,0.30651,0.27644,0.14707,0.062908,0.01724
0.16096,0.31325,0.29992,0.14777,0.061478,0.01662
0.1981,0.30437,0.27399,0.14621,0.06376,0.013566
0.14914,0.28333,0.30876,0.15856,0.074313,0.025898
0.15463,0.28796,0.3061,0.1545,0.070687,0.026115
0.16995,0.27765,0.29486,0.15724,0.076043,0.024268
0.18937,0.31088,0.28102,0.14051,0.059887,0.018326
0.17938,0.31757,0.29168,0.13886,0.058414,0.014094
0.23966,0.34454,0.24944,0.11949,0.044986,0.0018908
0.20186,0.3218,0.27547,0.13264,0.056556,0.011674
0.1604,0.30839,0.30105,0.14563,0.065119,0.019411
0.18544,0.2793,0.27814,0.16169,0.073774,0.021653
0.22209,0.34169,0.26597,0.12101,0.046501,0.0027461
0.25724,0.33436,0.23749,0.11876,0.045948,0.0062094
0.18531,0.31739,0.28697,0.13854,0.057956,0.013831
0.16404,0.30982,0.2992,0.14432,0.064646,0.017971
0.17296,0.31876,0.29991,0.13836,0.057447,0.012568
0.20125,0.30498,0.27707,0.14302,0.062997,0.010688
0.21383,0.30439,0.27364,0.13812,0.058891,0.011129
0.16534,0.31614,0.29751,0.14327,0.062724,0.01501
0.18028,0.31017,0.29058,0.14119,0.059618,0.018152
0.18519,0.3171,0.28709,0.14262,0.060532,0.0074572
0.18544,0.29459,0.28869,0.1505,0.064631,0.016154
0.19746,0.32849,0.27461,0.13329,0.052523,0.013632
0.19209,0.31275,0.28365,0.13901,0.05778,0.01472
0.17319,0.30915,0.2938,0.14404,0.063334,0.016476
0.16771,0.30797,0.30654,0.14402,0.063356,0.010413
0.18269,0.29897,0.29,0.15167,0.063024,0.013647
0.21729,0.32505,0.26595,0.12791,0.054371,0.0094414
0.17654,0.32402,0.28943,0.1407,0.058689,0.010623
0.19264,0.33993,0.27715,0.12907,0.051946,0.0092549
0.18512,0.30409,0.29535,0.1445,0.060797,0.010134
0.23395,0.33507,0.25648,0.12233,0.048272,0.0038998
0.23568,0.33562,0.26033,0.11689,0.04664,0.004848
0.18523,0.27387,0.27828,0.16086,0.076037,0.025728
0.22126,0.29843,0.26363,0.14156,0.061903,0.013214
0.17871,0.31866,0.2914,0.13932,0.059373,0.01254
0.16002,0.27505,0.29274,0.16866,0.077191,0.026345
0.21261,0.35255,0.26703,0.11758,0.041538,0.0086937
0.21852,0.356,0.25932,0.11924,0.044102,0.0028197
0.20528,0.32801,0.2751,0.12846,0.051504,0.011645
0.22908,0.31841,0.25733,0.1352,0.054098,0.0058757
0.15317,0.29399,0.30563,0.15332,0.071023,0.022863
0.22623,0.34084,0.26137,0.11969,0.047333,0.0045507
0.20996,0.30276,0.27536,0.14354,0.058246,0.010138
0.21837,0.3118,0.26828,0.13453,0.054241,0.012786
0.22109,0.32749,0.26962,0.12443,0.048164,0.0091991
0.18588,0.29657,0.27657,0.14726,0.071566,0.022166
0.20511,0.30639,0.27099,0.1388,0.061384,0.017326
0.21574,0.30361,0.27061,0.13913,0.058255,0.012643
0.1707,0.32297,0.29994,0.1346,0.05897,0.012815
0.181,0.31774,0.2879,0.137,0.060683,0.015672
0.16292,0.31768,0.29898,0.1417,0.061284,0.01743
0.20729,0.35417,0.26646,0.11944,0.047739,0.0049075
0.15306,0.31865,0.30313,0.14203,0.064808,0.018314
0.20544,0.33445,0.27198,0.12711,0.049885,0.01114
0.19129,0.33061,0.27684,0.13078,0.05597,0.014507
0.17907,0.31681,0.29042,0.13921,0.059741,0.014762
0.16817,0.25829,0.28269,0.17222,0.09053,0.028103
0.19096,0.29974,0.28031,0.14624,0.065475,0.017278
0.18687,0.28838,0.25748,0.15046,0.073152,0.043673
0.18102,0.31619,0.2905,0.13722,0.058909,0.016171
0.23071,0.32271,0.25791,0.12661,0.0538,0.008261
0.22372,0.33049,0.26702,0.12024,0.050883,0.00764
0.20355,0.27662,0.26683,0.15823,0.071816,0.022948
0.21422,0.32697,0.26625,0.12756,0.053429,0.011577
0.17786,0.26737,0.27745,0.16821,0.078257,0.030858
0.21966,0.31194,0.26582,0.13527,0.055206,0.0121
0.2389,0.32605,0.25434,0.12394,0.050237,0.006527
0.17224,0.30656,0.29187,0.14815,0.062822,0.018362
0.17752,0.289,0.28336,0.15728,0.070473,0.022367
0.17351,0.28753,0.29467,0.15032,0.069805,0.024158
0.16304,0.30072,0.29735,0.14946,0.069024,0.020403
0.21454,0.3171,0.26217,0.13117,0.058094,0.016933
0.19324,0.30031,0.26381,0.13995,0.072622,0.030069
0.19086,0.30765,0.28488,0.1436,0.060072,0.01294
